image: my22f_3.pgm
resolution: 0.050000
origin: [-0.538837, -8.965837, 0.000000]
negate: 0
occupied_thresh: 0.65
free_thresh: 0.196

