image: my22f_4.pgm
resolution: 0.050000
origin: [-2.676340, -5.580405, 0.000000]
negate: 0
occupied_thresh: 0.65
free_thresh: 0.196

