image: my22f_1.pgm
resolution: 0.050000
origin: [-8.795624, -12.052899, 0.000000]
negate: 0
occupied_thresh: 0.65
free_thresh: 0.196

